0 0 0
170073861590 336 2784
170073861418 324 5060
170073861385 4 4835
170073861594 323 1192
170073861730 46 7461
170073861744 237 2905
170073861823 58 5123
170073861782 3 8826
170073861764 355 9094
170073861723 4 4130
170073861559 15 9916
170073861780 4 4165
170073861663 309 1340
170073861826 3 5839
170073861878 3 5595
170073862028 349 3416
170073861897 75 7977
170073861777 279 2035
170073862130 4 9440
170073861892 4 6470
170073861941 357 4537
170073862134 355 6663
170073862221 9 1625
170073862289 214 9099
170073862189 408 8897
170073862138 183 9280
170073862084 3 1968
170073861945 4 4428
170073862242 46 3853
170073862328 4 7190
170073862000 4 7851
170073862362 337 8280
170073862205 3 5554
170073862305 9 1782
170073862266 34 3735
170073862507 141 1184
170073862643 39 6375
170073862678 4 4557
170073862261 4 5548
170073862472 270 9563
170073862308 4 7948
170073862417 4 8387
170073862346 4 6462
170073862547 4 1457
170073862759 4 5424
170073862416 34 8647
170073862807 4 8321
170073862698 355 6576
170073862957 282 1771
170073862542 77 3151
170073862538 4 6986
170073862954 58 7536
170073862828 349 2012
170073862797 38 2293
170073863007 4 7808
170073863014 355 3526
170073863136 4 7280
170073863162 349 1259
170073862978 18 3004
170073863271 9 2938
170073863095 4 6146
170073863356 237 5846
170073863427 34 2007
170073863432 29 6734
170073863289 4 6969
170073863547 3 5856
170073863523 289 3876
170073863557 21 9513
170073863457 29 6882
170073863436 4 2442
170073863608 4 1481
170073863422 57 6967
170073863480 39 2890
170073863713 4 2736
170073863538 139 1750
170073863841 4 3671
170073863508 357 2786
170073863612 351 1659
170073863512 264 4568
170073863876 3 9846
170073864069 4 9209
170073863804 4 8547
170073863933 4 6199
170073863793 4 4378
170073863865 3 3346
170073863776 4 6082
170073864187 4 3720
170073863937 3 6641
170073864002 4 9604
170073864333 3 8827
170073864217 4 7469
170073864345 357 5824
170073864211 355 9548
170073864354 4 9910
170073864382 237 2111
170073864317 4 5450
170073864599 4 1095
170073864523 4 4848
170073864424 4 8241
170073864262 4 7679
170073864203 38 2226
170073864358 9 1352
170073864471 4 1536
170073864540 38 3407
170073864355 4 3600
170073864763 316 9987
170073864792 237 7690
170073864729 15 2892
170073864836 9 5674
170073864741 361 7947
170073864684 352 8488
170073864734 294 7669
170073865037 355 8660
170073865095 337 1504
170073864876 355 5560
170073865193 167 5330
170073864795 4 6085
170073864988 323 7028
170073865249 305 8397
170073864907 4 3870
170073865260 4 6247
170073864942 264 7582
170073864963 4 9926
170073865008 34 7374
170073865242 323 2181
170073864967 324 2153
170073865190 39 8853
170073865033 3 6082
170073865232 3 7134
170073865366 3 6371
170073865292 157 2904
170073865479 4 5686
170073865105 4 3525
170073865564 3 7106
170073865335 4 5926
170073865423 4 4640
170073865229 59 6015
170073865411 323 4643
170073865559 355 3763
170073865743 4 5986
170073865434 59 1212
170073865722 314 4601
170073865730 4 8663
170073865528 349 8827
170073865854 4 7326
170073865862 4 5343
170073865828 4 7547
170073865928 4 9029
170073865989 4 6662
170073866107 4 5984
170073865743 4 1587
170073866074 4 8573
170073865944 4 7684
170073866296 4 3705
170073866147 4 3994
170073866334 4 9917
170073866059 4 6370
170073865908 4 4995
170073866151 9 3386
170073866282 160 9905
170073866299 4 5163
170073866016 355 9163
170073866105 17 7012
170073866405 4 5579
170073866398 4 4299
170073866383 4 3522
170073866661 39 2862
170073866533 38 3035
170073866280 4 3032
170073866694 15 7931
170073866307 99 4217
170073866713 76 4683
170073866900 38 6052
170073866554 357 6526
170073866518 38 7657
170073866584 4 6153
170073866689 237 1815
170073866654 4 9105
170073866661 94 4189
170073867082 38 5148
170073866978 3 1218
170073866767 4 1723
170073867084 57 9595
170073866711 270 9227
170073866818 357 8912
170073866983 39 6200
170073867220 4 1104
170073867032 4 8719
170073867257 4 7254
170073867391 4 2111
170073867417 226 7990
170073867419 59 2090
170073867204 39 3790
170073867369 4 7534
170073867196 307 3585
170073867402 4 6212
170073867484 372 8230
170073867607 4 9158
170073867278 4 3427
170073867717 4 2519
170073867391 4 9890
170073867826 4 8716
170073867480 4 5952
170073867695 136 2385
170073867986 4 6847
170073867612 4 5880
170073867721 4 2634
170073868030 4 6736
170073867814 4 6033
170073868032 4 1782
170073867834 4 4514
170073867718 4 2000
170073867786 4 8351
170073867918 4 7406
170073867905 57 4928
170073868222 4 8555
170073868245 4 6598
170073868118 4 8239
170073868148 4 9495
170073868233 351 7232
170073868005 4 5094
170073868088 4 5616
170073868464 349 5021
170073868134 355 3484
170073868002 57 2837
170073868263 4 2352
170073868375 4 7516
170073868524 4 8776
170073868263 28 3773
170073868546 4 7876
170073868423 338 1657
170073868290 264 2187
170073868391 328 4466
170073868681 4 2464
170073868420 4 3883
170073868431 4 2255
170073868585 351 7602
170073868837 48 8445
170073868815 4 9842
170073868651 4 9791
170073868611 357 4356
170073868985 307 2179
170073868934 76 5028
170073868802 57 5006
170073868915 4 7998
170073868775 4 8567
170073868784 4 9738
170073868652 4 4238
170073868809 57 4659
170073869107 336 1607
170073868903 357 3538
170073868960 46 5928
170073868885 38 9470
170073868877 4 9874
170073869019 4 6985
170073868993 4 2269
170073868849 3 3718
170073868908 76 3410
170073869140 214 5737
170073869250 4 4110
170073869375 4 7572
170073869108 4 4156
170073869241 4 7427
170073869473 4 3361
170073869353 4 9349
170073869426 4 2789
170073869423 4 6650
170073869052 4 4333
170073869311 4 5760
170073869311 4 9496
170073869195 4 1595
170073869484 4 8202
170073869481 3 7681
170073869154 323 9955
170073869301 4 8071
170073869259 4 1715
170073869435 336 3979
170073869362 4 5711
170073869330 4 3321
170073869559 4 1728
170073869546 4 8288
170073869390 38 7969
170073869606 49 5233
170073869705 4 1675
170073869671 270 3699
170073869548 3 2642
170073869897 38 6669
170073869582 4 1348
170073869701 59 4168
170073869691 39 1047
170073869978 38 2622
170073869600 9 9087
170073869814 324 8971
170073869708 77 1079
170073870002 38 6432
170073869813 38 7088
170073870013 4 6493
170073870009 38 5613
170073869879 347 4880
170073870092 4 2608
170073870180 3 4690
170073870137 9 3686
170073869884 362 8371
170073870178 34 1528
170073869981 121 8598
170073870120 4 5769
170073870003 121 6788
170073870413 214 3885
170073870056 81 1086
170073870494 357 4455
170073870144 4 6781
170073870188 57 1726
170073870315 4 2617
170073870574 38 8245
170073870248 38 7024
170073870234 38 9720
170073870446 38 3085
170073870648 307 2783
170073870486 83 8172
170073870796 38 4623
170073870410 307 9848
170073870825 38 5165
170073870524 307 5031
170073870888 38 5270
170073870647 38 3531
170073870631 126 3155
170073870876 38 2876
170073870653 38 9027
170073871013 38 4447
170073870706 38 5440
170073870880 48 8134
170073870961 4 8204
170073870834 355 9978
170073871143 355 9543
170073871222 3 6483
170073870926 38 7058
170073870890 4 8929
170073871173 46 4266
170073871171 361 6081
170073871093 4 1401
170073871287 57 8490
170073871276 4 9156
170073871138 3 4235
170073871230 18 6899
170073871308 34 4694
170073871422 309 9076
170073871201 369 3454
170073871287 389 5309
170073871295 323 1839
170073871441 4 3397
170073871317 4 3494
170073871558 76 2949
170073871274 4 1608
170073871310 4 8009
170073871676 126 3798
170073871405 4 8145
170073871673 4 8340
170073871743 4 2211
170073871509 237 3689
170073871798 4 7853
170073871449 4 4845
170073871572 49 6505
170073871478 4 2920
170073871964 58 3580
170073871629 4 8238
170073871591 38 5677
170073871642 4 9472
170073871721 361 4552
170073871991 214 6958
170073871773 4 3159
170073871707 39 3607
170073871885 4 8293
170073872079 349 2552
170073872050 39 4076
170073871878 4 2998
170073872042 48 9133
170073872276 289 3673
170073872326 39 7318
170073872107 29 9920
170073872341 39 1396
170073871928 4 5063
170073872061 4 2579
170073872323 3 4190
170073872263 3 8892
170073872326 3 5262
170073872430 3 3625
170073872272 3 1686
170073872403 3 5577
170073872179 3 2221
170073872108 323 4412
170073872136 214 1528
170073872593 355 1779
170073872500 4 6043
170073872201 4 8676
170073872554 3 2980
170073872473 3 8099
170073872404 3 9988
170073872364 46 7922
170073872645 3 5262
170073872574 3 6863
170073872670 29 5064
170073872682 289 4583
170073872455 324 1316
170073872424 9 8442
170073872717 18 6438
170073872795 46 8268
170073872723 4 6074
170073872660 4 5471
170073872835 3 4348
170073872836 4 6518
170073872831 270 4729
170073873054 4 4529
170073873016 4 9394
170073872813 4 1423
170073873134 4 5663
170073872943 11 3554
170073873156 4 8049
170073873169 4 3015
170073873058 4 7263
170073873163 4 1715
170073873156 4 3971
170073872962 4 3961
170073873288 3 9181
170073873103 57 2080
170073873394 55 8916
170073873369 4 6580
170073873461 3 9823
170073873389 270 9204
170073873090 4 6397
170073873456 46 8433
170073873558 4 4386
170073873245 17 8958
170073873110 335 4934
170073873202 9 6004
170073873483 408 4518
170073873433 4 5919
170073873627 77 1714
170073873528 3 3872
170073873664 76 8078
170073873356 351 4327
170073873480 11 6052
170073873780 287 8612
170073873553 4 6463
170073873587 3 3086
170073873588 3 2691
170073873769 3 7698
170073873629 3 2084
170073873512 6 6321
170073873911 3 8933
170073873580 9 5924
170073873720 334 7404
170073873737 4 3496
170073874067 4 3281
170073873783 3 9829
170073873751 169 8610
170073873749 357 3529
170073873779 355 2616
170073873791 15 1853
170073873858 38 1719
170073873941 323 3239
170073873949 279 3833
170073874013 4 5836
170073874239 323 5936
170073874071 4 8097
170073874357 4 3989
170073874005 4 5104
170073874022 4 6874
170073874310 4 1494
170073874156 4 7412
170073874069 4 1786
170073874089 4 2699
170073874490 4 8525
170073874180 4 9185
170073874595 4 1875
170073874145 4 2052
170073874305 4 3613
170073874248 270 4857
170073874303 4 9018
170073874392 324 1422
170073874378 9 1115
170073874233 4 6856
170073874366 3 3132
170073874541 57 3404
170073874757 4 1089
170073874603 4 8385
170073874527 38 1694
170073874847 38 8229
170073874467 4 2242
170073874444 46 8870
170073874623 141 5057
170073874588 57 7751
170073874948 4 2016
170073874691 4 7557
170073874860 360 1442
170073874837 4 4912
170073874984 349 5912
170073874910 360 6533
170073875079 214 2968
170073875035 77 3911
170073874950 58 5649
170073874874 169 1269
170073874711 39 2409
170073875166 360 6447
170073874860 4 5904
170073874842 340 7678
170073874908 393 1725
170073875183 4 5815
170073874996 4 6693
170073874921 4 2789
170073875253 4 3363
170073875039 4 7214
170073875028 4 9535
170073875095 4 3585
170073875365 4 9376
170073875134 4 3593
170073875032 39 3170
170073875346 4 6823
170073875578 4 7128
170073875537 4 4629
170073875338 4 8167
170073875280 38 7371
170073875267 4 8225
170073875445 107 2799
170073875320 48 5495
170073875513 4 5521
170073875537 4 4970
170073875275 4 1566
170073875598 4 8871
170073875300 4 9344
170073875499 4 1902
170073875791 4 4565
170073875665 4 1946
170073875788 4 3851
170073875860 4 4164
170073875523 294 5511
170073875674 59 1021
170073875805 75 2376
170073875544 4 6269
170073875885 34 6644
170073875985 4 8928
170073876099 46 8535
170073876092 3 4715
170073875628 361 4208
170073875612 4 2513
170073875991 46 5766
170073875764 4 8243
170073875911 281 1036
170073875810 13 5106
170073876258 4 6673
170073876157 9 4680
170073876013 3 9978
170073875925 4 6210
170073876318 4 6645
170073876301 4 4287
170073876259 4 2511
170073876281 4 1762
170073876277 314 1453
170073876327 17 6231
170073876296 4 7786
170073876255 34 2567
170073876399 3 1754
170073876096 324 9648
170073876294 3 6652
170073876288 4 4988
170073876476 4 3182
170073876429 4 7921
170073876239 11 7789
170073876499 4 2606
170073876451 336 5189
170073876362 4 2123
170073876355 4 2396
170073876394 4 5588
170073876600 4 3542
170073876784 4 9194
170073876445 4 6037
170073876625 4 9518
170073876846 361 2683
170073876855 4 7325
170073876707 4 8868
170073876656 4 5497
170073876655 323 8606
170073876877 4 5625
170073876983 4 7933
170073876924 4 6632
170073876903 15 3965
170073876703 4 8279
170073877058 4 4742
170073877253 4 5415
170073877105 4 9151
170073877061 4 1069
170073877108 4 8907
170073877123 4 4302
170073876981 339 4771
170073877167 355 2081
170073877148 365 5741
170073877138 3 6187
170073877258 3 4727
170073877164 365 4212
170073877271 386 1105
170073877440 365 6297
170073877581 83 1439
170073877500 4 6572
170073877633 48 6049
170073877598 4 3869
170073877563 322 5658
170073877408 4 2319
170073877590 355 6810
170073877703 270 6290
170073877507 4 5746
170073877609 4 4567
170073877717 3 2700
170073877849 349 4453
170073877755 4 2825
170073877705 4 9457
170073877997 3 9442
170073877731 11 9099
170073877745 349 2813
170073877848 4 4019
170073877711 157 3063
170073878097 3 6125
170073877903 59 3300
170073878087 4 8870
170073878037 4 3700
170073877910 289 9233
170073878189 4 6689
170073878174 3 4750
170073878029 336 7257
170073878351 4 9728
170073878321 281 6961
170073877918 160 9608
170073878404 361 1053
170073878368 4 3966
170073878211 4 5695
170073878188 4 2463
170073878197 57 5506
170073878556 80 2271
170073878194 3 2150
170073878439 4 8028
170073878258 4 9089
170073878429 4 5145
170073878464 4 2823
170073878403 4 9741
170073878516 4 7789
170073878487 4 2442
170073878217 4 3376
170073878666 4 6149
170073878675 4 4635
170073878663 4 9137
170073878777 3 4298
170073878461 4 2282
170073878642 4 2785
170073878725 4 7864
170073878851 4 8482
170073878582 48 2545
170073878508 48 2453
170073878780 9 1056
170073878668 29 8500
170073878691 307 1394
170073878521 38 8069
170073878809 66 5944
170073878793 4 7276
170073878656 38 1699
170073879195 4 5440
170073878796 57 7585
170073879143 39 6140
170073879252 336 3896
170073879071 4 3341
170073879044 48 4120
170073878951 17 5142
170073879030 336 3995
170073879231 160 3109
170073879213 29 3584
170073879367 4 9823
170073879051 387 3449
170073879202 4 9599
170073879531 264 9512
170073879283 323 1932
170073879393 336 2682
170073879390 4 6407
170073879683 34 9870
170073879229 99 5339
170073879331 4 7461
170073879521 4 5520
170073879719 323 4258
170073879699 4 1851
170073879751 4 6026
170073879831 108 6771
170073879529 322 9167
170073879528 57 4319
170073879577 38 8200
170073879715 324 5492
170073879656 355 7162
170073879719 4 1452
170073879964 4 4527
170073879909 4 8355
170073879991 185 8813
170073879747 4 1637
170073879724 4 1734
170073879738 4 6834
170073880106 4 8062
170073879739 4 1126
170073879970 4 5599
170073880241 4 7204
170073880164 4 2296
170073880077 4 3910
170073879976 342 7709
170073880363 287 1308
170073879996 57 4831
170073880386 38 7547
170073880203 4 4442
170073880310 39 6523
170073880137 4 2777
170073880397 15 1342
170073880196 3 8935
170073880174 351 4736
170073880430 15 1253
170073880663 350 5642
170073880357 4 2475
170073880271 214 9162
170073880597 339 4443
170073880406 4 6680
170073880751 9 1198
170073880755 38 5743
170073880718 4 5240
170073880612 126 3901
170073880419 3 5785
170073880560 289 6191
170073880566 18 1806
170073880636 3 3227
170073880823 360 8709
170073880998 39 7753
170073881060 48 7150
170073881008 328 8476
170073880949 15 8819
170073881039 361 5350
170073880757 46 1012
170073881063 365 7088
170073880918 270 1929
170073881223 79 2234
170073881159 349 8422
170073881172 349 3090
170073881455 4 3840
170073881467 34 3491
170073881012 226 9181
170073881177 4 4518
170073881514 4 2273
170073881526 4 6760
170073881218 4 6912
170073881367 81 7361
170073881394 4 3531
170073881593 4 6792
170073881692 4 7358
170073881652 4 1556
170073881428 4 9104
170073881579 4 7407
170073881487 4 1971
170073881681 4 4991
170073881565 4 9219
170073881526 4 1452
170073881432 4 7804
170073881788 4 9970
170073881712 355 2540
170073881782 4 5563
170073881762 3 9835
170073881961 3 1966
170073881892 59 3998
170073881966 4 6878
170073881702 18 9171
170073881830 361 7089
170073881651 214 8918
170073881867 4 2327
170073882043 39 7730
170073881726 4 1625
170073881914 48 2085
170073882003 4 8014
170073882153 329 5871
170073881940 372 4674
170073881903 4 6876
170073881945 4 7505
170073881917 322 2057
170073882006 214 6100
170073882114 4 3426
170073882407 38 2383
170073882120 4 1385
170073882395 387 1660
170073882322 291 4720
170073882196 4 2786
170073882326 29 6978
170073882639 79 6842
170073882293 4 2338
170073882275 357 1064
170073882716 349 1887
170073882654 4 3172
170073882667 49 2379
170073882686 4 8390
170073882534 4 2410
170073882709 4 4576
170073882799 29 2321
170073882615 4 8286
170073882509 4 6545
170073882618 4 6678
170073882555 4 6994
170073882905 4 3430
170073882775 4 7495
170073882826 4 8588
170073883011 4 5874
170073883194 4 9724
170073882729 336 9866
170073882853 4 3082
170073882931 4 6697
170073882834 6 9609
170073883022 4 3843
170073883209 4 5600
170073883261 4 7863
170073883393 349 5677
170073882945 349 9114
170073883350 355 3111
170073883298 34 3506
170073883394 324 8582
170073883157 4 7134
170073883438 4 4953
170073883163 3 4542
170073883298 289 3275
170073883445 4 6993
170073883284 160 4228
170073883655 4 6622
170073883754 149 1125
170073883533 4 8063
170073883384 4 9701
170073883443 4 8750
170073883322 4 7003
170073883488 3 8124
170073883786 289 8119
170073883854 57 6682
170073883844 4 6651
170073883847 4 4819
170073883543 29 3900
170073883976 34 9137
170073883958 4 3018
170073883820 75 3997
170073883842 46 8173
170073883665 4 1999
170073883830 76 5397
170073883754 361 9864
170073884088 38 5392
170073884154 29 9600
170073884129 57 4497
170073883958 281 6343
170073884104 38 4477
170073883995 34 3291
170073884425 4 6152
170073884007 28 9838
170073884423 323 1060
170073884327 4 4713
170073884481 349 6915
170073884216 59 8961
170073884569 4 9148
170073884184 322 1844
170073884672 4 9178
170073884622 377 7126
170073884468 270 4825
170073884571 355 9099
170073884318 4 7328
170073884483 4 7054
170073884340 4 9430
170073884609 4 6677
170073884890 4 1882
170073884820 160 4170
170073884579 4 2744
170073884756 4 3986
170073884503 4 6258
170073884950 4 9315
170073884642 4 3743
170073884683 4 3636
170073884768 4 3339
170073884656 4 2277
170073884614 4 5485
170073884985 4 2131
170073885048 4 4066
170073884938 13 4067
170073884779 214 6941
170073884846 4 8093
170073884909 49 2552
170073884927 3 9288
170073884842 349 1386
170073885010 57 4227
170073884964 279 5950
170073885149 4 3352
170073885159 328 1321
170073885197 314 3262
170073885296 38 3799
170073885489 126 1696
170073885064 4 3059
170073885131 83 2182
170073885425 75 8778
170073885411 47 4886
170073885294 38 2158
170073885265 38 6535
170073885340 9 5860
170073885528 308 3969
170073885458 9 3343
170073885355 357 7950
170073885410 18 6917
170073885752 4 2874
170073885896 4 3527
170073885581 4 2151
170073885446 4 2424
170073885550 4 4977
170073885574 4 8703
170073885715 4 9616
170073885980 4 9545
170073885797 4 1158
170073885711 4 3765
170073885586 4 1565
170073885768 4 3175
170073885664 355 9309
170073885739 4 2964
170073885934 4 9878
170073885896 4 7939
170073886100 4 8269
170073885849 4 5262
170073885885 4 3225
170073886146 4 1851
170073885710 4 5349
170073886182 46 8003
170073885872 4 2712
170073886010 4 6694
170073886265 4 4843
170073886222 4 1952
170073885968 4 1736
170073885991 4 8580
170073886210 4 3270
170073886077 329 5807
170073886330 4 3440
170073886127 17 8423
170073886099 321 2882
170073886150 4 9754
170073886055 38 7201
170073886498 38 1433
170073886539 126 1304
170073886498 3 2742
170073886612 4 7772
170073886404 29 1505
170073886368 34 9019
170073886438 4 5375
170073886520 4 3482
170073886784 4 6739
170073886451 77 3951
170073886830 270 5162
170073886452 34 7826
170073886753 4 8710
170073886556 4 3022
170073886916 4 4702
170073886959 4 7571
170073886502 336 4917
170073886980 9 6323
170073886845 4 7856
170073886882 38 3596
170073887025 323 6211
170073887169 29 9414
170073887154 292 2506
170073886933 322 9162
170073887050 48 3745
170073887144 4 3326
170073887094 57 5233
170073886972 3 3593
170073887234 46 9303
170073887020 4 5228
170073887467 38 9782
170073887307 226 2709
170073887075 357 4670
170073887531 237 2632
170073887286 362 4637
170073887335 4 4860
170073887264 4 8094
170073887339 4 5718
170073887468 4 6709
170073887246 4 3114
170073887343 4 1007
170073887631 4 8271
170073887507 4 3734
170073887434 4 9801
170073887771 4 4290
170073887584 4 5905
170073887503 4 8778
170073887647 4 1584
170073887753 4 8052
170073887839 4 1046
170073887696 4 6707
170073887908 38 6608
170073887692 4 8995
170073887671 4 3969
170073887846 28 2469
170073887548 38 9228
170073887644 4 6612
170073887935 4 1217
170073888044 160 1106
170073888193 336 5469
170073888115 58 4299
170073887720 3 8817
170073888145 323 5767
170073888293 4 2742
170073888270 48 9888
170073887942 4 7797
170073888197 4 9096
170073888177 81 6553
170073888097 323 7364
170073888069 4 9441
170073888466 4 6732
170073888425 281 9419
170073888379 39 3594
170073888198 4 9726
170073888518 4 6341
170073888254 4 4410
170073888593 4 8805
170073888474 4 4395
170073888422 49 3497
170073888236 15 9752
170073888412 4 3117
170073888733 4 4531
170073888645 76 7587
170073888371 361 6240
170073888767 291 6258
170073888521 4 5025
170073888565 75 4376
170073888627 4 8361
170073888879 15 2088
170073888738 309 9936
170073888530 4 3112
170073888986 214 5634
170073888745 4 4511
170073888986 4 3340
170073888776 4 3794
170073888965 4 8365
170073888860 15 1588
170073888956 4 2938
170073888898 329 9423
170073889022 4 8127
170073889001 281 3364
170073889259 4 5675
170073889260 4 3400
170073888913 4 9861
170073888836 4 7604
170073889138 4 6625
170073888910 93 9364
170073889000 4 6950
170073889181 289 8856
170073889218 4 7523
170073889171 4 1359
170073889144 4 8537
170073889039 4 4188
170073889068 3 1734
170073889081 4 4272
170073889424 4 3996
170073889194 4 5715
170073889481 4 7161
170073889396 4 4701
170073889101 4 9873
170073889371 323 2030
170073889366 349 9283
170073889552 4 5835
170073889356 4 7499
170073889794 4 6047
170073889623 4 6147
170073889576 10 8764
170073889375 4 5047
170073889516 4 3896
170073889506 10 5191
170073889509 323 7326
170073889806 349 8866
170073889614 246 2798
170073889686 246 3042
170073889868 38 2464
170073889682 38 9426
170073889942 349 2099
170073890043 15 6115
170073889874 57 3488
170073889887 57 5861
170073889783 160 2664
170073890132 57 9905
170073890010 289 7110
170073890023 57 8797
170073890077 4 8508
170073890074 57 2878
170073890306 57 1557
170073889978 4 7316
170073890446 46 2270
170073890134 4 8876
170073890182 4 4431
170073890459 348 7461
170073890120 11 2594
170073890401 81 1337
170073890329 4 7423
170073890525 336 4677
170073890565 144 6542
170073890535 144 8758
170073890254 144 3569
170073890397 3 5951
170073890504 322 9653
170073890755 3 9461
170073890746 4 6294
170073890736 38 6067
170073890471 3 6534
170073890891 4 7259
170073890538 17 5728
170073890867 57 2022
170073890579 3 2206
170073890583 141 1151
170073890645 59 6775
170073890760 126 6556
170073890904 4 2326
170073891096 308 3345
170073890843 349 2691
170073890733 355 9492
170073891134 4 1716
170073890819 324 2232
170073891064 29 6993
170073891252 4 6815
170073890986 4 8660
170073891243 4 3663
170073891348 4 5720
170073891065 4 4520
170073891050 3 8237
170073891192 4 2756
170073891039 9 1876
170073891098 4 7533
170073891247 4 2664
170073891339 4 1814
170073891532 361 5429
170073891577 4 7824
170073891512 4 8992
170073891234 237 5246
170073891485 4 2193
170073891418 4 9889
170073891678 4 4810
170073891216 9 5119
170073891560 4 4779
170073891368 4 8738
170073891380 13 4960
170073891465 4 2371
170073891493 4 4678
170073891789 38 1809
170073891781 4 4093
170073891793 4 5123
170073891703 4 7458
170073891726 4 3544
170073891642 3 6738
170073891760 4 9069
170073891889 4 3068
170073891817 4 1739
170073891821 3 6602
170073891944 3 2885
170073891538 46 4267
170073891828 336 9687
170073891714 340 7160
170073891961 3 5535
170073891645 3 3916
170073892022 345 8328
170073892057 4 5478
170073892135 214 8627
170073891900 4 5805
170073891746 57 1564
170073891840 355 9512
170073891862 4 7333
170073891838 4 2635
170073892164 4 5750
170073892304 349 6516
170073892052 4 7092
170073891973 4 9653
170073892127 4 4190
170073892344 4 3449
170073892007 307 5988
170073892077 307 9944
170073892258 4 7702
170073892192 360 8216
170073892162 282 9373
170073892237 57 2913
170073892468 383 2625
170073892694 4 8631
170073892680 57 5469
170073892301 4 9303
170073892745 57 2378
170073892435 4 4238
170073892397 4 2093
170073892646 380 3475
170073892488 10 6775
170073892871 4 5125
170073892821 4 6823
170073892444 4 7675
170073892996 349 6524
170073892825 323 3725
170073892884 316 3037
170073892933 75 8991
170073893199 4 4585
170073893180 141 7508
170073893056 4 1512
170073893047 49 2087
170073892940 4 9771
170073892988 349 7040
170073893111 4 9293
170073893183 4 4712
170073893173 4 5924
170073893227 4 5674
170073893464 309 3175
170073893074 4 8531
170073893134 4 1663
170073893489 336 8759
170073893551 4 6250
170073893108 4 1919
170073893693 4 8103
170073893303 4 1530
170073893380 3 3232
170073893553 4 8879
170073893552 4 4239
170073893449 4 1428
170073893544 4 1044
170073893598 4 5205
170073893778 4 9114
170073893602 4 9579
170073893396 4 7581
170073893565 4 1952
170073893687 349 1990
170073893708 4 1449
170073893678 4 9123
170073893636 382 1471
170073893943 4 9239
170073893901 4 9539
170073893902 4 8717
170073893659 4 8248
170073894084 4 9406
170073893812 38 4006
170073893962 126 8285
170073894073 4 4104
170073893893 357 4570
170073894163 4 1571
170073893990 4 2957
170073893924 4 3067
170073894094 4 9062
170073893849 4 1839
170073894002 57 1235
170073894254 4 6828
170073894239 4 1781
170073894178 350 3048
170073894153 4 9490
170073894469 4 7517
170073894410 349 4630
170073894036 15 7049
170073894413 47 3059
170073894370 327 3813
170073894110 48 9607
170073894580 214 6214
170073894442 349 6122
170073894412 4 4617
170073894683 323 3334
170073894647 214 2463
170073894318 6 3901
170073894711 48 2915
170073894788 4 6817
170073894864 4 8153
170073894784 292 3358
170073894699 4 2136
170073894586 292 3327
170073894638 39 2701
170073894736 369 1504
170073894919 4 5275
170073894729 279 9693
170073895116 4 7338
170073895130 34 7824
170073894803 157 1009
170073894807 11 7283
170073894841 336 8402
170073894825 3 1786
170073894871 4 6540
170073894802 289 1213
170073895197 38 1087
170073895399 17 9902
170073895202 336 2487
170073895087 146 2133
170073895248 29 6512
170073895436 362 1678
170073895577 360 3246
170073895258 329 4424
170073895540 3 2935
170073895311 340 3813
170073895411 4 5173
170073895420 75 2523
170073895548 4 8420
170073895367 4 6284
170073895625 4 9931
170073895720 48 4188
170073895758 4 8410
170073895566 4 9938
170073895787 39 4206
170073895659 4 4059
170073895593 4 2820
170073895854 4 9217
170073895422 4 6590
170073895717 349 8018
170073895645 17 2055
170073895950 4 1827
170073895979 4 2322
170073895626 4 3189
170073895938 4 6597
170073895768 4 3283
170073895910 3 1119
170073895774 349 7072
170073895820 4 6035
170073895977 323 8660
170073895982 365 4464
170073896142 81 8379
170073896289 382 8531
170073896398 351 1204
170073896097 292 4138
170073895927 360 1782
170073896185 307 9601
170073896140 4 6318
170073896104 29 1726
170073896526 3 8712
170073896492 3 8344
170073896185 4 5906
170073896440 59 7662
170073896475 57 9953
170073896239 4 9073
170073896485 4 9833
170073896758 351 5695
170073896476 83 2288
170073896486 349 6621
170073896615 4 5770
170073896546 337 1578
170073896693 160 4736
170073896814 282 5981
170073896723 4 6903
170073896870 58 5484
170073896644 4 5208
170073896832 39 3219
170073896804 393 5389
170073896628 309 5817
170073896830 357 2216
170073896781 4 2030
170073896818 38 5396
170073896938 58 5421
170073896957 136 1321
170073897155 4 8314
170073897178 160 3679
170073897079 349 8197
170073897051 28 2315
170073897088 15 9155
170073897195 322 7490
170073897307 83 3939
170073897181 4 1085
170073897371 4 3733
170073897258 4 7538
170073897112 4 9872
170073897305 361 8773
170073897529 4 7481
170073897513 361 8944
170073897464 9 9416
170073897646 148 1077
170073897644 362 4805
170073897501 393 3348
170073897388 393 4801
170073897619 393 1528
170073897451 334 7018
170073897476 349 4232
170073897826 393 5043
170073897425 3 4953
170073897792 393 1150
170073897723 169 3791
170073897628 4 2536
170073897656 4 4175
170073897890 10 3862
170073897651 17 9952
170073897921 4 9578
170073897953 34 4986
170073897767 4 4782
170073897856 4 6023
170073897841 3 8705
170073897990 3 4416
170073897940 309 1595
170073897896 4 3449
170073898116 126 6977
170073898190 369 7678
170073897906 29 3989
170073898040 57 1265
170073898233 237 9898
170073898047 4 9200
170073898439 3 3262
170073898500 4 4867
170073898413 342 8458
170073898106 307 1954
170073898576 355 8052
170073898363 38 6224
170073898491 4 3801
170073898393 4 1189
170073898144 4 8562
170073898541 4 7695
170073898471 4 3211
170073898396 4 1152
170073898561 74 5029
170073898677 75 7546
170073898700 4 2297
170073898631 4 8337
170073898519 4 8374
170073898722 361 4366
170073898879 279 3822
170073898956 4 8287
170073898845 99 3875
170073898567 38 3835
170073898587 83 9827
170073898733 346 6347
170073899047 4 8436
170073899078 355 5558
170073898791 58 2780
170073898882 4 3313
170073898884 359 3752
170073898890 4 6305
170073898800 4 1102
170073899126 279 3500
170073898932 57 4637
170073898987 3 2547
170073899275 4 2761
170073899143 309 2767
170073899343 17 2111
170073899048 4 1608
170073899440 3 5486
170073899497 9 5660
170073899328 29 6608
170073899174 29 9633
170073899337 4 7629
170073899205 332 7865
170073899690 4 2184
170073899368 329 1353
170073899357 34 7912
170073899763 3 8642
170073899366 4 4211
170073899434 4 2306
170073899596 17 6614
170073899416 4 4137
170073899603 9 3041
170073899894 387 8896
170073899866 4 6191
170073899562 4 4624
170073899953 38 6316
170073899771 38 1330
170073899745 323 4405
170073900044 4 3005
170073899733 38 7910
170073899920 4 6064
170073900076 46 9275
170073900174 4 9004
170073900177 4 5913
170073900023 4 8652
170073900052 349 5458
170073899853 4 4724
170073900080 4 2227
170073900332 4 9579
170073900285 108 7442
170073899975 9 9522
170073900081 34 9499
170073900119 361 3486
170073900082 76 3111
170073900252 4 4754
170073900183 4 3153
170073900107 57 5046
170073900524 17 4316
170073900596 3 6853
170073900608 4 8799
170073900554 3 9366
170073900310 4 3967
170073900541 4 8422
170073900724 9 9184
170073900395 13 5333
170073900773 4 3295
170073900569 76 6753
170073900869 4 3340
170073900562 4 6185
170073900708 48 2955
170073900664 4 8185
170073900572 4 3635
170073900830 4 5267
170073900999 323 1811
170073900777 3 1069
170073900664 15 3074
170073900784 214 1139
170073900778 329 8866
170073900983 15 7665
170073900764 4 1693
170073900840 4 4003
170073901053 3 6904
170073901053 322 6250
170073901201 336 4929
170073900887 38 4487
170073901208 59 3474
170073901328 46 2330
170073901344 38 9693
170073901495 4 5892
170073901132 3 4352
170073901088 4 4904
170073901478 4 2345
170073901599 342 8593
170073901168 81 4335
170073901341 29 9700
170073901296 77 8426
170073901529 4 2213
170073901623 4 9301
170073901588 4 9751
170073901406 34 4536
170073901694 4 2690
170073901639 4 9948
170073901692 4 2924
170073901590 4 1478
170073901435 4 4336
170073901719 4 8702
170073901417 4 1814
170073901692 279 9704
170073901708 371 9665
170073901475 17 7822
170073901780 4 9063
170073901755 4 7493
170073901635 4 3566
170073901840 279 9691
170073901844 4 8882
170073901842 4 1817
170073901730 57 9443
170073901761 59 6603
170073901997 4 7725
170073901917 4 7198
170073901824 4 8205
170073902052 4 8670
170073902130 38 8594
170073902113 9 7522
170073902147 4 7394
170073901873 4 4759
170073902245 355 6038
170073901927 336 7909
170073902294 4 1375
170073902072 393 9052
170073902047 4 9903
170073902176 3 9457
170073902401 4 1237
170073902408 4 8325
170073902001 362 9678
170073902480 4 8054
170073902346 4 8825
170073902576 4 4858
170073902368 200 4543
170073902641 349 9563
170073902223 149 6986
170073902437 357 1602
170073902752 57 7468
170073902652 361 1705
170073902391 141 7196
170073902480 4 3107
170073902828 4 1042
170073902881 93 4426
170073902547 39 1994
170073902914 4 4051
170073902560 4 2158
170073902612 4 5816
170073903077 28 6907
170073902620 160 1797
170073902855 3 2003
170073903077 46 1216
170073903078 323 4556
170073903105 38 4139
170073902994 9 5740
170073903185 77 1048
170073902935 323 6010
170073903272 15 5434
170073903011 329 9763
170073903365 357 8272
170073903176 77 2398
170073903367 3 7947
170073903363 201 9259
170073903165 4 6968
170073903101 3 1548
170073903331 4 5512
170073903035 4 8353
170073903000 4 2849
170073903583 4 9443
170073903126 361 8167
170073903531 4 1859
170073903232 332 2503
170073903467 4 5470
170073903563 4 4880
170073903265 4 7610
170073903318 4 5708
170073903322 355 6056
170073903520 4 4117
170073903590 169 1055
170073903365 4 1195
170073903802 57 8615
170073903759 4 8941
170073903839 4 4554
170073903680 13 8394
170073903835 4 5430
170073903987 4 6045
170073903681 4 9684
170073903561 4 1105
170073903971 361 6059
170073903791 77 5831
170073904078 331 5589
170073904020 4 9933
170073904023 9 5267
170073903875 4 3772
170073904016 4 6711
170073903909 4 4008
170073904249 4 8530
170073904262 57 4332
170073903867 4 5787
170073904267 47 5041
170073904280 4 7756
170073904004 4 6867
170073904195 408 1662
170073904092 4 5865
170073904262 270 6326
170073904400 281 1391
170073904346 4 3906
170073904382 4 7951
170073904402 270 4323
170073904507 351 2063
170073904347 4 8628
170073904645 4 7057
170073904389 4 4049
170073904375 49 5753
170073904657 349 6737
170073904476 99 9868
170073904791 34 1912
170073904481 34 4239
170073904638 287 8154
170073904866 4 2385
170073904794 270 4005
170073904728 28 9273
170073904924 9 8393
170073904973 81 3786
170073904960 4 6545
170073904833 169 9970
170073904756 54 5423
170073905087 4 5543
170073905096 63 4106
170073905030 34 2144
170073904828 160 3826
170073904938 9 3924
170073905089 58 5397
170073905127 3 7533
170073905345 57 2863
170073905101 38 5516
170073904969 4 6907
170073905145 4 5869
170073905281 17 3288
170073905357 4 6996
170073905464 4 7887
170073905288 4 1262
170073905437 4 8188
170073905188 4 4622
170073905157 57 3478
170073905370 376 4026
170073905268 57 6363
170073905293 4 9709
170073905500 4 8034
170073905300 4 2685
170073905360 4 5309
170073905420 323 2662
170073905700 77 1781
170073905620 34 2759
170073905609 160 7633
170073905554 3 1413
170073905642 3 8248
170073905577 126 2084
170073905878 3 4294
170073905876 3 3860
170073905994 349 2803
170073906041 4 1649
170073906054 11 2184
170073906032 4 4464
170073905776 3 3522
170073906040 4 9873
170073906106 4 2201
170073906129 362 3951
170073906027 4 6815
170073906300 214 4493
170073906220 3 4083
170073906377 4 9245
170073906340 4 9986
170073906314 4 2990
170073906089 4 8842
170073906219 321 1434
170073906136 141 6173
170073906074 74 3725
170073906216 4 2308
170073906194 361 7354
170073906539 336 3091
170073906665 391 7646
170073906692 4 3832
170073906419 4 8537
170073906708 227 4928
170073906553 357 6974
170073906757 329 3244
170073906436 334 9884
170073906544 334 9836
170073906478 4 1609
170073906737 13 3951
170073906596 4 6970
170073906834 291 9711
170073906784 4 5096
170073906771 4 5833
170073906713 361 8848
170073906989 270 3556
170073907092 279 4312
170073907043 48 8036
170073906826 34 5760
170073907068 395 4120
170073906840 337 1526
170073907067 3 8801
170073907057 4 3834
170073907345 17 3536
170073907055 29 5354
170073906948 349 9672
170073907217 4 9673
170073907277 48 1156
170073907394 4 7232
170073907212 4 1434
170073907264 349 4125
170073907131 4 9674
170073907697 4 5942
170073907394 4 9045
170073907220 4 9555
170073907636 337 4943
170073907680 4 8082
170073907355 227 4892
170073907475 49 4228
170073907440 4 9154
170073907862 4 2069
170073907865 4 8317
170073907893 347 6336
170073907735 4 3597
170073907835 4 6465
170073907822 17 7132
170073907701 4 8174
170073907597 4 1726
170073907994 17 9911
170073908085 57 9944
170073907706 322 9622
170073908180 4 3457
170073907999 349 3479
170073907941 3 5320
